INDEX. . 171

1167 et 11591 51111 6 119, 8111111106
’1 1...
8 104. quisque 1111. 1 178, 1 1111111088.
1061. 1111111Μ111111111.1988.
11116111111111111 668, 8 180, nom 11118 266, 19611816. 11·-Ι
1702118261 6 119, 202, 298. 111111111.1288,11111811,8
quod 11311116111111111114 262. 16611217, 110111111. Rom
8811122881· ¹ “312³'' „33:³3 8818188 8111· ¹⁰ ⁸' ¹³⁰³* ’
nostra 112 11ῙΡΝ111111111111 81111111111111118981
1111111111 1111111115 911 ene 11111111 11111111111 212, 682.
96, 7158, 11111288,1·181 101111111111111.11098.
¹ 1191129111811 1111111. qum plurl- roguzslffi ffiffffiffl mss
1111 11112 811. nunnus 1111111111. 5 221.
quoniam 11111 omnipotens 111111111- mer pen 1111. 1197, 11111 Mer.
1111111118 869. 1021 11111 apices ded: 11, 1111-
188811218183· 181 81818281788
Ravenna 11112 121. 1 131111 10,(11111111218 118 86,
mlum 1011. 8 162. pom 2181 norae 111111 151,
1111111111 11112 8111111861 4 688, 1181118116, 1111012108, 11-
716,91116118; 628,60,2811 1111111 28. 1111118111112,
7 181, 111, 289, 867, 686, 597. eaput! 89, 1111118 2 , 1111111111
reclaudere 11118 11811161. ’2 163, 8 267, 12 3 11111
11611111111111.1 298. fluenta 11111. 18, limina 1 116,
1181111111 10811127. loma 216, 1111111868, nemon
refudit 111111 fine propotu 1111. 0 1111. 8, oscula 11111 11, pola&
117. ’ 111111 868118 165, pignora 8111.

regalia signa 1111. 1 172, 261 11. 21011111118118112867, 11- “

2 88. 11111 128, vestigia& 285.
1111111111.2291,1686111120, Sa 1111111111822.
regentes 1111. 2 871 11126. 111161111611111 1 17.
1111111111212 81111181111111111.7 591.

111111111111181111 11101111 11111 sacratus 111111 1111. 225111272.

x 108. uentum 1111112 180, »epulorum
[11111111118261. regnatu! 860.

10, 2 167, 8 180. 811111111111118.1 990.
’718881 '⁶⁷’ ⁴³²²· '⁸⁹¹¹' 881”81888708881·1
1110111111 111. 1151. ’ ³ ω
remittere 11181 11111 218190. 8111111111111111. 1 178, 8 801.
8588381186ιὲΪῆ 111 ιφ.» 188881818θρ. 11.

11111 ncta 11 111111 principi: 1 160. 811111 Mum 1111. 7 118.
„fflffibi'sssffl ¹⁴⁶· ffiffifflm ² ⁸⁰¹·
11111. 111 orium 1111111111 110. 1 unctu 1111111111, :utun

622, 2 , 8 1121 1229, 217, 16. 1111111111176, 111111111-

119, 7811 62771 7 189, 111, 11111882,111111111111111111117.

291, 856, 187. 11111 81, 19, 62, 11111111111165,11111111161.

56, 79; 2 205. 11118111 11111184, 1181118 218,
38111118121387111818511, 1 888 1ωὲσεῖ 888118 ἷῗῗω 1313ξῖ

168, 7 817. 81118112111111111 908.

 

