466 INDEX.

00100100000100, 1101423, 1110101001011100·101.·4 96). ’
317, 114, 680, 1049,1166, 1110100000 Mum· 1014631 646,
11700 5 71, 144, 190, 312, 416, 853, 857.

4760 76101138. 101000001010110011.
μ111οω1011451010007 100000001010011 3112329. 10-

616. 00010 000101 0010007100. 0. 10 4.
(1001100 00010100 101 3 41, 4473 honum 00110010012282. honen

011083. 1000 3 227. 0110οώ1000τὶ04
(10011001010100112, 1254 309. 000010000003127, 00-
Germanus Iustiniani tratri· 1111001011 01004 332. 014 86.

8317. 10061001014 1039, 793.

00100100001010600001100. 1 3. 1010100000 101. 1 163.
zetas 1001 2383, 1001 1 254, 3 1000110 unnim 1100. 0 56.

38101000. 0 134, 10000660 01- ml· ι0100100061041040 4746464.

· 000 . 0 0 .

(1011000101010012123. 1100012 383101.

010000 arundo 101. 5475, 011001 1100000000ωο 11014 128.

534 013 256. 1100100101. 324.

0001600011 10014 289. Hyrcanae tigre· 10 01000 0000101ιο
00100110110001017 374. 10013 246. 11010001 agn 101. 5

5161651104ῗί0. 0161.. 0001 nummu ,0,-

(10000100 1100100 1017 567. 00003 302, 6277, 7 126

1113111111111111611· 11111111111111117·

(1000000 110000 101. 4 266. “ Iberum 1010101014 488.

(1000001100 Maurus 1014 758. 101011 1014 768.

gubernatrix 10011 56. 1011100000110000101. 6 436. ’

0000100 Auula· 00100101. 3 6601 lema 11111111ῐὶ400 1010 0911111 ⁸⁸·
107. cados 1012 1090 4 597, 631,

(10001010 000100 101. 3 77. (1000- 667,1013,1133,1155, 1163.
seius 10000 1 468, 100110 4 652, 11010 1012 57.

6 296 01522. 16010100 11000101110501101,
(1000100 Maurus 1014 642. 6245 01272, 712501375.
(10010101 Vandalus 10134280 4 1100100 Maurus 1017 394.

222, 240, 369, 426. Itum pop. Afr. 1012113, 4 641,
Gurubi 0001000101. 2 56. 7 490 01 641,

(100011 11000101 2 109 01 405. 4 101111111οΜ 488, 7305.

683 01 1139, 5 116, 7 304 01619. 1001100000 111. 4 24, 6 371.

1100001004 669. . 1 00000 101. 6 323.
1010112112, 10010110οω 1014 844. ,
101110011000101001017169,1001. 11000000 0.Α110114730 287,

140. 96101910, 3450 43740 5108,
1101000110018 274. 195, 238, 437, 454, 462, 4616040
1100101· 101. 00001. 8. 7 530 01647.
0001001110, 110010- 16000001001001440.
01ἷῖ01.ῗῖῗῖἷῖ 10119000, numm ffiffihssffffiffl.

1000113158, 5 210. Imaus 1001. 8 294.

1101110 001100 10012 296, 4388. 10- 1000001015246,100001001128,
0110100112 116, 00101 101. 1 62060 7270147.

158. 100000100000000110011000011100100.
100001.,0.1000·0100 1001. praef. 20. 010 6.

000... 0 10

1110001101011000 101. 4 3. 10010001100010010012 239.

 

