472 INDEX.

ampl· 1661. 8 88. solomith 11166666 16116 120.
, 866666 8166666 16116 428. 66661166166161. 1 42, 8 856.
866666 regio 1161611 2 71. sonipes 16114 486, 521, 8481 7 521,-
866166Μ6666616111891. 553, 600, 614, 688. =
scabredo 16611 48. sophia 6, Sapientia 1661161 minutia
’1118891319 ¹’“'⁶¹²⁰'' 1111111196118
...1666161616 666. 171 161. 61116 616 6161 4’
Scy 16111 213. 18861280. ’ 6166 61162 72, 1661-
86116166666166166883. &ymo 1116614264.
pharetrae C 75. Scythici 666660 8661616666 66666 16614 287.
1211666666028. 8666166661 marmor Mer. 85.
66616 saeclorum meorum 16612 811. spebus 11661616 Mer. 4 86.
66116 triumphalis 16611 107. speciale 1661 8 359.
8666166 Latinus 16114 507. specialiter lust. 666. 37, 2 58

, 66661661661116,94,15612177’, spedas unguentaque 1661. 3 21.

’ 61166 16611666

200, 216, 2811 8 7612181 1 130 6666661661. 1 105.

61283. spumeus 66666 161. 5 728, spumea
666166 16112 29961801. 66661 170.

1
66666 66 6 . . 6. .

666661661611 1 172, 4 8. stephanides v. 16166666 stephanides.
servatrix 16112 64. 8166166661611666161 6ι485.
866166 16111 172. 81661666 Maurus 1611 57381Ὶ “ ·
81611166 Maurus 16112 47. 8161166 Latinus 66661116 1611 8 805-’.61
81661666666161. 1 210. - 1581 430, 19, 81,180,161, 1681
Silaion Μ66666 16111 914. 177, 184, 205, 219, 129.
611166666161176, 2 252, 8 215. Stygiae umbrae 161 7 616, undae 1
81111666 1166661616 637. 101, 5 215. ’

Υ8116616 661616115 228, 66666 195. 8666111616 6166666161 4 861.

81666166 666168 19. 8166611 pn· 6611166161 1661. pravi&

1666 8 280, 5 63. 66666661661 loll. 5 742.
81166666666161. 1 178. 66666666661616. 1 80, 823, 880, 887,
6116661116 666611 ligni 1661. 2 300. 425, 4481 2 611 8 186, 100, 1511
’616166611101611661156 enigma} 111 77616 et 61⁵.

661. ded. 1. 866666 Μ66666 1611 7 604.
Silvacae pop. 116. 16112 52. 86161166 Maurus 1611 .4 684.
Silvaizan 6611116. lom 62. 8611661661. 8 390. ‚
silvulis Latinus 1611 6481. 8616666161166616115 640, 7 611.ῒ
8116661616 pop. 1111611 2 66. Summus Μ66666 1611 7 105.
81611666 11666 16114 681. summa regebas regni 1661. 1 189.
11111118111·Μ’·1 ⁹⁶³· ‘ 1181181888
81666166 miles 16114 18 666661666661161. 6 848.
8166666 Maurus 1661 844. 666666161166116666 Μ66. 4 18
6161666 666166 16112 229, 8 2⁰7, 4 6661166661. q. exspectare 1661. 1 118.

28, 5481. Syrtes 1611 464161819, 5 191 ot·¹
Smyrnaeus 66166161. praes. 11, 1 218 .

115. Syrticus 1616 4 672, 915, 11061 5
661 metallorum 1661. 8 192. 66116 197, 111661, 6891 6 289 613511
6161666 rex Persarum praes. 80. 7601. ·
wilclant 66611ςὶ6 6666666 16116 265. Τ6666Μ66666 1611 4928 ’

661116 16112 27911 283. Taenarius luppiter 1611 7 308 =
6611661661. 1 188 61 2111 2 87,175, 'rafam 6166666161. 6 431.
802, 8 198 61 281, 4 114.. ¹ ’16166166 66661611 2 79.

 

