q Ι

11101111.

mmm 66, 6667. 66666. m 1⁴⁵1, 6 61, 6666,
im 6161116606161.2926, inprimit 5 148 61150 61 659. 'nonanus

1666666666 641, 1666666666- 7666. ⁴ χ

dere 1166666 4 1001, poem im· 16611661217, lom 296 61816,

66666117 4194 11666616 6666667 ¹ 6511.

282 , . 1661166666 16619 468.

Inachidos 616166 11614 w. 1661161666 66116 161. 4 64 6165.
, 166166166666166116111661166.4 8. Ῑ6611616666161.1156194, 4686,
166666166166666161.7167. heom- Ἴ 6166 (16111616612869, 166666

ζ666· 65504. 2856184,666616666660,161666-
16 6661181192. 61668128
1661661611661661815. 16666166666666161.6145,16611
indiscretio 1611 86. 866. luminatum 16166666 1661
1666116116 1616661617 606, mn· 1177. ,

666646 hm 4 964. 16666 666667 ἷιᾴῧξιυιίίεᾞῄῖἔῇὲῗ 61961.
1666111666] 661111 quo 6661616 666· 1616661166161616661614 606.

66661611878 6666616166 66661- 166666666611616619 294.

6166 mente 666661 16116 8 199. 16616616 1618 888 61 465.
insa 166616612 51. 16661666 Maurus 161. 6 486.
11166661ᾱώ816 1661 2 846. lamna 66666 Mene 80. ¹
161666116616616 6666661614 795, 7 166661666116616666111.

898. lacrimis 16166811 6666664 1666666166616661614 48. ·

985, 6 9. 161666 6666616 6668 1666616166 op. 116. 1611 14461ι
6....(1 ...1181811884 ⁸⁵¹⁰⁵¹³
1666661618 889. 166666 16666161. 4 952.
1666611661616666161.5 642. . 1666666686666161.4 950.
16666661066611166.014. lar purpureus 1166. 1 2.

16661116 161. 2 489. Largus 1666661614 848.

{nmero 666166616611111 (ὲ 89. ο 11666616 6616111616. hs 6466
16118161... 5111116.. ...6611111667 8.-
lohannes Ρ61666161.414,85,1081 161166 16161 78, 5844, 61086

106, 150, 168881. 7 11958, 864. ’
16166666666166161.4 516. 1611 populi 16618 140. 161666 agnen
16166666 816 1661666161. 6 248. 16161 579.

161616611 8, 2140. 1666611166666161.6 27.
1616111666661617488 16661661611914 4851611855.
laguna Maurus 1614 869, 6 886. 16666666 Maurus 161. 4 754.
lator Hyperborem 1661. 8 50, Scy· 166666616666161. 66661. 90.

· 1116668 800. 1661661615 54561689, 7586. Ι
1166 Maurus 161. 4 991. Leucada 1616. 8 294.
16166161. 425⁵, 461, 896. lust levavit 6 666161614 804, fomfi

94 61291, 8 8061185, 496. 810.

161661 116 cutm 6666661614 962, Levitae 1661. 8 49.

iubebat 66661616 6666666 regnu· 116661660161611161.5 108.

1661. 2 2. Liberatus 0666111666 1618 47, 4 541,
1666661615 455. 6878 otffl. 61. 16166666 616·
16666116 Μ66666 161. 7 549. 1666066.

1616616111 19461198. 1116616611287, 161. 1114141,
16669666 mr. 161. 1 221, 5 690 61 ἓὲδὶζῗεῃξ 4162631 8451,8 ἰ,8 949ὲὲ6,
· 6 6 2 . ’ ’ ’

 

