INDEX.¹ · 486

80010001011188, 10011222.Ι figuris 000110 10010100 1014 66.
00001000 1. 0. 1000000100 Mor. 2 1, omnis 0101000 10000010 0000011130-
1001 0001160129, 1866. 010- 0104890. 01.100101001.16,2 20
0101 00218, 01001865 16,16, 01164.
2872, 76, 77. 86, 1612080 22. 10000106001000001001001148.
, 000618001000 4146. 00110 80- 11100010 10110001014992
mini 182, 0000001 166 01 220, 1000010012 249. 001106010060- “
8227. - 1110 0001000112 261 01862.
norati· 1011000 101. 4 972, 6660, Flaccus Μο0000 101. 7 661.
7 622. flammiger 1014 1169.

duellum 1018 806. 1000100οω101.1888, 6278, 7 ,

016011 00100 subsidere 101. 1 686, 228.

1111111111ι Μ810111ᾱ1611.ο4“1118.7 175. 11111111Ψο861101111011118188ῗῖ84 810

1111000000 regnum Mer. C 26. 01982.

11000100 1100000 101. 7 621. 10001000 1000100110 Mer. (76.4

8010100 1100000101. 7 606. x formatrix 10012 16. ’

00040ρὲ6Ἑο 1014 926, 6421, 1001. 10000101ῖο ἑυέἓο 2 162.174 Μ

ι 078 0 ι , . 0

00010 10 001001. 1 61. Fortis 1011000 101. 7 608.

Enyo 00061. Franci 101. 2888, 1001 praef. 10,

11000000 11100000 1017 606. 1 264. 8 886.

Erinys 1014 678, 7 186, 8 87. 1100100 1100000 1014 992.

8000100100 11100000 1017 649. Frexes pop. 110. 101. 248 01 184,

Euan 00180001100101. 7 676. 8 187, 6 884. 7 648.

eunuchorum 0101010010 10018 214. 1100010011 vandalus 101. 4 626 01

110010010010018 281. 1090, 6 518. 7 877.

0010100100101. 6 208. 10000 0000010101. 6 88. ,

0000001000001100. (789. 10ςο 1. 0000, 00111011 264.

00001100 0. 0000111001001. 1 202, 8 Fugen 0000001014 928.

166, 4 241. funale 1000001012 82.

00010001. q. 00001001 1 186. 8 878, 10001000 101. 7 187.

’ 486 01808. Gabini cinctus 10014 127.

0001001001001100. 027. (10001101012117.

1010101014 12 01 68. 00001001016 286.

101010 101. 867 017 298, 10018 0001010101. 4 1076.

Ι 126. Gallica 101. 6 486. certamina 1100.

1000111 10118 869. (7 147.

10010 popula gaudere 1001. 01001 86, callida 0000101. 2 77.
0000100οο0022. 0000000002 41, gamalam 1100000 1014 861.
flammas 000010000οο 1012 87. 00- 00101 0000001010 642.

101100 properare 1 677, 100100 0000101100000101.4 910. ·,
010004 660. 10011 0000100 000000- Garamantis 101. 6 198.

mere 0000010018 110. 1001111000 00001100 Maurus 1014 779.
100112 846. 0001000οι 10001001001. 8 102. ’

00001010 288, 8 126, 10012 29, (1006001100 10111 111100 11004, patu
80182212. 0010000266, 00· 0111.

1104807. 001101 840. ’ 1100010018 88.

Falernum 0100001001 8 97. gaza 00010. plur. 10014 884.

nuntiantium 1017 624. (101100107000101001011881,817.’

11000100 (Anicius 1011100 Glabrio) (1011010170Μο10101.2188,4489
1100. 8. ’ 01970, 6 622, 7 872 01476.

100000000000010011226. 0000001012128, 818. gem

1000000 00000100 101. 4 140, vola-5 000010111100Μο0.2 8.

11106 676, 7461. gemmifer 1018 826. 4496. ·

6101010012122. 1 generaliter 1001 0108. 86, 2216.

 

